0.00379331 -1.243601 0
-1.676667 -1.162068 1
0.6447488 0.255046 0
-1.537714 0.2319704 1
-1.029096 -0.1197478 1
1.999449 -0.4315465 0
-0.4323033 0.07227348 1
1.454202 -0.4947172 0
-0.5347201 0.02387353 1
0.5690555 -1.075543 0
1.144769 -0.2549131 0
1.026289 0.1214462 1
1.47612 0.06087869 0
-0.9108103 -1.071586 1
1.2717 -0.4256119 0
0.9987913 0.1218559 0
1.219219 -0.3756591 0
-1.966753 -0.6665863 1
-0.5173212 0.8474276 1
-0.6098413 -0.8053889 0
0.15299 1.685974 1
-1.533894 1.544553 1
1.711515 -0.5375727 0
0.5036727 1.307416 1
0.7551058 1.057048 1
0.03113163 1.042412 1
0.9964822 1.534293 1
-1.957128 -0.02679839 1
-0.3338711 -1.264401 0
-0.4715353 -0.8988619 1
1.337026 -1.727022 0
0.5400373 -0.8727331 0
-1.132928 0.9492723 1
1.136114 0.2342588 0
-0.1649422 -1.245385 0
1.127815 -1.392227 0
1.624847 -0.02547013 0
0.9235054 -1.634572 0
0.406344 -0.6166571 1
0.4014326 -1.792694 0
0.7174008 -0.06185238 0
0.55301 -1.003158 0
1.892162 -0.1019221 1
0.8377291 1.017677 1
1.139894 -1.026151 0
-1.016509 0.5702344 1
-0.4259288 1.688639 1
-0.8559487 -1.787716 0
-0.5821386 -1.827193 0
-0.7538277 -1.765744 0
-1.290853 0.3715103 1
1.587041 0.4536473 0
-0.5821927 -1.647445 0
0.9297614 0.5478802 0
0.3320846 1.84482 1
0.2629917 -1.804321 0
0.9230834 -0.2174762 0
-0.8526862 1.123503 1
1.245185 -1.169177 0
-1.239217 -1.560159 0
-1.535471 -0.1715318 1
0.7381919 1.210891 1
-1.881305 1.995837 1
-1.04991 1.375261 1
-1.273617 -1.090669 0
0.3390457 1.493466 1
-1.478489 1.754732 1
0.1018347 1.578877 1
-0.9785768 -1.862795 0
-1.034066 -0.8391699 0
-1.343254 1.340022 1
1.357511 1.554067 1
1.059828 -0.06932119 0
-0.3468875 1.666817 1
1.730102 -1.97257 0
0.5884108 -1.286174 0
-1.917956 1.300206 1
-0.3111394 1.495534 1
-1.797156 1.406518 1
-1.748618 -0.6160596 1
-1.927909 -1.263317 1
1.249537 -0.3123432 0
-0.06979608 1.738939 1
-1.124506 -1.5486 0
-1.339719 -0.6184277 1
-1.018008 1.716071 1
1.873495 1.075869 0
-1.138434 1.142149 1
-1.254876 -1.584553 0
-0.8138952 -0.8578984 0
-0.0617847 -1.072806 0
1.754375 0.5381479 0
-1.730727 -1.520393 0
-0.931146 1.491343 1
0.08429299 -0.2927847 0
-1.447197 -1.891944 0
1.828158 1.323176 1
1.645344 -0.1907114 0
0.5685632 1.54931 1
0.6825913 0.5801348 1
