0.2980664 1.037671
0.8026018 -0.8651603
0.5997152 -0.5410894
0.6901419 -0.946556
0.6796604 -0.7109894
0.9655627 -0.2091425
0.6242791 -0.6599271
0.8456285 -0.9081714
0.3764337 0.776646
0.8644297 -0.769574
0.8919138 -0.5208473
0.4664711 0.3793707
0.42274 0.1415566
0.003967855 0.2344064
0.1046862 0.5681336
0.7718537 -1.239532
0.2908313 1.150203
0.4704228 0.09803108
0.1002973 1.021668
0.917781 -0.4489019
0.3244669 1.129542
0.044208 0.3161903
0.7820033 -1.199366
0.2055097 1.17166
0.3998066 0.4727265
0.3349098 0.5786995
0.04796875 0.3804274
0.3585375 0.5289985
0.7220875 -0.9760852
0.6991643 -1.017485
0.698662 -0.887729
0.6001466 -0.5407795
0.34726 0.7874384
0.8576869 -0.457653
0.1017437 0.7005738
0.8148631 -1.149149
0.2838502 0.9553728
0.2147428 0.5524016
0.1741879 0.8306331
0.1416437 0.8811721
0.07351317 0.5332954
0.7993732 -1.00467
0.8551559 -1.194918
0.4273629 0.4572788
0.3774709 0.717877
0.04563273 0.2027082
0.4973478 -0.32548
0.2544649 0.7178237
0.6368444 -0.949745
0.3320791 0.8058043
