0.09831763 0.5960248
-1.478733 -1.24289
-0.1356115 0.2282418
-1.055558 -0.6544374
0.9157554 1.037364
-0.5298741 -1.169334
1.062071 1.258034
0.09831763 1.037364
-1.347312 -1.46356
0.755422 1.037364
-1.44982 -1.24289
0.3760537 0.9638078
0.6240011 0.5224682
-1.52254 -1.757786
1.062071 0.8902512
-1.15719 -1.390003
-1.52254 -0.6544374
1.149685 0.9638078
-1.653961 -1.390003
0.6678081 0.5960248
-1.478733 -1.46356
-1.52254 -1.757786
-0.03310324 0.5224682
-0.3686645 -0.1395412
0.9157554 0.2282418
0.09831763 0.8902512
-1.332418 -1.169334
0.5214928 0.375355
0.3173524 0.5224682
0.8281415 0.5960248
0.711615 0.1546852
0.8579302 0.4489116
-0.1058228 -0.360211
0.4776859 0.6695814
0.302458 0.2282418
-1.288611 -1.390003
-1.420031 -1.68423
1.178597 0.6695814
-1.44982 -0.8751072
1.13479 1.405147
0.755422 0.6695814
-1.406013 -0.9486638
0.9455442 0.9638078
-1.52254 -0.9486638
0.9157554 0.1546852
-0.1496297 0.8902512
0.302458 -0.5073242
-1.215891 -1.316447
1.003369 0.8166946
-1.303505 -0.8751072
1.149685 0.3017984
1.076089 1.405147
-1.44982 -1.24289
1.178597 0.6695814
-1.537434 -1.24289
1.222404 0.8902512
0.2008259 0.007572003
-1.595259 -0.5073242
0.9455442 0.4489116
0.7265094 0.743138
-1.099365 -0.8751072
0.8868428 0.9638078
-1.52254 -1.68423
1.149685 0.8166946
-1.463838 -0.8015506
0.7992289 1.552261
0.5950885 0.5224682
1.062071 0.5224682
-1.244804 -0.4337676
1.062071 0.1546852
0.4776859 0.8166946
-1.332418 -1.095777
0.8868428 0.5960248
0.4487733 0.007572003
-1.318399 -0.6544374
1.383614 0.375355
-1.288611 -0.8015506
0.9455442 0.5224682
0.346265 0.375355
0.09831763 0.8902512
0.5652998 0.3017984
0.7405276 0.8166946
0.5363872 -0.06598459
-0.7489089 -0.4337676
0.5074746 0.1546852
1.266211 1.258034
0.4049663 0.375355
0.9017372 0.6695814
-1.15719 -1.68423
0.4487733 1.110921
-1.128277 -0.8015506
0.7405276 1.405147
-1.420031 -1.537117
1.164579 0.5224682
-1.44982 -0.5808808
0.711615 0.0811286
1.033158 0.9638078
0.2297385 0.3017984
-1.420031 -1.46356
1.237298 0.8166946
-0.8803298 -0.6544374
0.7703163 1.258034
-1.215891 -1.610673
0.8868428 0.8902512
0.4925802 0.743138
-1.420031 -1.757786
1.062071 0.9638078
-1.493627 -1.390003
1.193492 1.110921
0.1710372 0.743138
1.090983 0.3017984
-1.040663 -0.8751072
1.237298 1.331591
0.8141233 0.5960248
-1.566347 -0.8751072
1.003369 0.743138
-1.025769 -1.537117
0.9744567 1.037364
-1.463838 -0.8751072
0.8141233 1.184478
-0.7629271 -1.316447
0.5074746 -0.1395412
0.6678081 0.4489116
-1.332418 -1.095777
0.9744567 1.258034
0.2446329 0.743138
-1.376225 -1.9049
0.8868428 0.8166946
-1.069576 -1.169334
1.018264 1.405147
-1.420031 -1.9049
0.5950885 0.8902512
-0.6025937 -1.095777
0.7405276 1.331591
-1.44982 -1.831343
0.7843346 0.8166946
-1.406013 -1.46356
1.266211 1.110921
-1.274592 -1.316447
0.2148441 0.5960248
0.6529137 0.743138
-1.099365 -0.8015506
0.9157554 0.8166946
1.164579 0.4489116
0.7405276 0.375355
-1.318399 -0.8751072
1.003369 0.6695814
-1.288611 -1.610673
1.412526 1.846487
-1.478733 -1.316447
1.353825 0.4489116
0.4487733 0.4489116
-0.9530493 -0.4337676
0.9744567 0.743138
0.06940504 0.007572003
0.4487733 -0.06598459
0.8868428 0.743138
0.5214928 1.625817
-1.478733 -1.316447
0.4198607 1.331591
-1.128277 -1.9049
0.5801941 1.110921
-1.303505 -0.9486638
0.302458 0.5224682
0.01070371 -0.360211
0.9595624 0.375355
-0.9819619 -0.5808808
1.324912 1.258034
-1.362206 -1.390003
0.9893511 1.625817
-1.376225 -1.610673
-1.230785 -1.02222
0.9595624 0.4489116
-0.1356115 -0.2130978
0.5950885 0.743138
0.7405276 0.743138
0.8868428 0.1546852
-0.9381549 -1.537117
0.4487733 1.037364
0.5950885 0.2282418
-1.406013 -1.169334
0.9595624 0.4489116
0.6678081 0.8902512
0.2446329 0.8902512
-1.274592 -1.46356
0.8281415 0.5224682
0.5214928 0.9638078
-1.44982 -1.831343
0.8141233 0.8902512
-1.143172 -1.169334
1.149685 0.743138
-1.44982 -1.02222
1.149685 0.375355
0.5363872 0.9638078
0.4189845 0.4489116
0.6529137 0.743138
0.01070371 1.184478
0.7694402 0.4489116
-1.08447 -1.46356
1.033158 0.5224682
-1.215891 -0.8015506
0.755422 0.8166946
0.5652998 1.478704
-1.420031 -1.316447
0.9744567 0.5224682
-1.493627 -1.831343
0.7703163 0.4489116
0.3173524 0.9638078
-1.362206 -1.610673
0.8868428 0.8902512
-0.9679437 0.007572003
1.062071 0.6695814
-1.420031 -1.610673
0.302458 0.3017984
-0.06201583 -0.5073242
0.6529137 0.375355
-0.9530493 -1.316447
1.149685 1.699374
-1.303505 -1.169334
0.5801941 0.375355
-1.420031 -1.537117
0.6827024 0.8166946
-1.52254 -1.24289
0.8719485 0.3017984
0.4487733 0.5224682
0.5512815 0.5960248
0.5214928 0.5224682
0.6827024 0.5224682
0.3760537 -0.06598459
0.9306498 0.5960248
0.5214928 -0.06598459
-0.9381549 -1.24289
0.6091067 1.110921
-1.113383 -1.537117
0.8430359 1.405147
-1.406013 -1.24289
-1.434926 -1.24289
0.6967206 0.4489116
0.4049663 0.5960248
-1.011751 -0.5073242
0.5801941 0.3017984
-0.9968563 -1.757786
1.266211 1.110921
-0.5149798 -0.5808808
0.9595624 1.037364
0.302458 0.8166946
-1.230785 -1.02222
0.7703163 0.8166946
-1.186978 -0.2866544
0.755422 0.2282418
-1.128277 -1.24289
0.8430359 0.8902512
0.06940504 0.1546852
0.8868428 0.1546852
0.5801941 1.258034
0.2884398 0.6695814
0.3760537 0.007572003
0.8430359 0.8902512
-1.303505 -1.095777
0.6967206 0.5960248
1.120772 0.5224682
0.9157554 0.9638078
-1.434926 -0.9486638
0.6678081 0.8902512
-1.318399 -2.052013
-1.08447 -0.8015506
1.105878 0.3017984
0.5512815 0.743138
-1.172084 -1.831343
0.8141233 1.405147
-1.463838 -1.831343
0.8579302 0.2282418
