
w0=
0.1862995
w1=
0.8202125 -1.267826
w2=
0.9142884 -1.902838 0.6350125
w3=
0.3137027 7.985371 -25.4261 17.37408
w4=
0.3221201 7.669721 -23.83207 14.81731 1.278384
w5=
0.3396168 6.075769 -10.54549 -22.73941 44.32689
-17.2194
w6=
0.3525692 2.61944 32.09617 -206.2731 399.0014
-332.7086 105.1631
w7=
0.3481491 7.399377 -46.77654 261.451 -923.5173
1595.909 -1294.447 399.8887
w8=
0.351898 -19.43034 494.2833 -3819.537 14471.79
-30455.64 36099.03 -22494.08 5723.492
w9=
0.3494822 232.6973 -5329.415 48636.52 -231959.1
640912 -1063222 1043777 -558410.1 125362.8
